mF_d = 0.3, mF_u = 0.0
i_charge    = [0 0 1 0 1 0 1 1]
i_discharge = [0 0 0 1 0 1 1 1]
i_idle      = [0 0 0 0 0 0 1 1]

i_first     = [1 0 1 1 1 1 1 0]
i_inner     = [0 0 1 1 1 1 1 1]
i_last      = [0 1 1 1 1 1 0 1]

i_temp      = [0 0 1 0 1 0 1 1]

iS = 1
i = [ 0  0  1  0 -1  0  1  0]
iS = 2
i = [ 0  0  1  0 -1  0  1  1]
iS = 3
i = [ 0  0  1  0 -1  0  0  1]

mF_d = 0.0, mF_u = 0.3
i_charge    = [0 0 1 0 1 0 1 1]
i_discharge = [0 0 0 1 0 1 1 1]
i_idle      = [0 0 0 0 0 0 1 1]

i_first     = [1 0 1 1 1 1 1 0]
i_inner     = [0 0 1 1 1 1 1 1]
i_last      = [0 1 1 1 1 1 0 1]

i_temp      = [0 0 0 1 0 1 1 1]

iS = 1
i = [ 0  0  0 -1  0  1  1  0]
iS = 2
i = [ 0  0  0 -1  0  1  1  1]
iS = 3
i = [ 0  0  0 -1  0  1  0  1]

mF_d = 0.0000000000, mF_u = 0.0000000000
i_charge    = [0 0 1 0 1 0 1 1]
i_discharge = [0 0 0 1 0 1 1 1]
i_idle      = [0 0 0 0 0 0 1 1]

i_first     = [1 0 1 1 1 1 1 0]
i_inner     = [0 0 1 1 1 1 1 1]
i_last      = [0 1 1 1 1 1 0 1]

i_temp      = [0 0 0 0 0 0 1 1]

iS = 1
i = [0 0 0 0 0 0 1 0]
iS = 2
i = [0 0 0 0 0 0 1 1]
iS = 3
i = [0 0 0 0 0 0 0 1]